100
25 1
75 2
48 3
91 4
30 5
14 6
14 7
61 8
81 9
6 10
57 11
78 12
41 13
25 14
58 15
59 16
65 17
55 18
1 19
97 20
66 21
30 22
65 23
25 24
65 25
70 26
52 27
65 28
68 29
63 30
59 31
89 32
17 33
2 34
20 35
79 36
24 37
27 38
52 39
32 40
69 41
5 42
48 43
59 44
100 45
14 46
75 47
44 48
17 49
83 50
82 51
28 52
80 53
31 54
36 55
91 56
46 57
88 58
83 59
63 60
99 61
84 62
25 63
24 64
81 65
67 66
81 67
86 68
25 69
74 70
81 71
25 72
33 73
65 74
83 75
25 76
87 77
61 78
17 79
64 80
61 82
71 83
65 84
99 85
17 86
90 87
71 88
61 89
36 90
85 91
28 92
85 93
27 94
24 95
58 96
44 97
83 98
16 99
87 100
2