1000
10
661 327 727 723 999 65 555 59 663 879
10
135 227 991 913 563 799 695 825 729 77
10
871 407 671 531 387 635 659 485 355 399
10
147 695 615 479 67 285 115 957 137 687
10
887 303 183 739 783 315 565 413 363 767
10
935 199 787 835 283 635 795 311 103 775
10
335 27 255 347 427 327 869 805 671 923
10
735 999 919 87 755 671 167 187 599 353
10
853 639 995 627 515 95 619 55 947 107
10
559 855 555 799 783 405 515 831 155 183
10
321 363 183 17 531 983 115 143 135 941
10
125 531 79 385 519 955 303 389 615 715
10
377 795 43 855 259 119 485 557 15 209
10
695 559 219 215 427 513 449 255 183 895
10
425 621 591 379 855 623 7 333 667 623
10
125 511 135 855 119 593 895 179 557 255
10
359 735 39 9 401 415 135 123 215 391
10
511 175 665 303 479 887 143 71 727 791
10
599 371 539 685 799 199 243 989 285 243
10
353 225 635 75 739 185 419 291 307 111
10
619 115 85 251 975 105 111 781 873 895
10
361 983 99 921 29 679 315 603 215 689
10
335 503 385 703 751 127 775 931 229 905
10
287 807 235 435 523 495 879 671 215 209
10
915 811 271 151 139 631 505 445 895 835
10
167 155 615 615 323 663 285 951 655 55
10
505 703 303 633 643 203 883 231 227 743
10
451 117 455 535 361 143 117 155 495 791
10
143 947 79 191 983 755 111 697 575 819
10
815 919 691 377 591 227 545 945 791 799
10
919 223 691 239 607 761 545 219 861 155
10
589 51 221 475 83 839 399 183 231 511
10
695 775 475 87 195 559 295 125 339 235
10
95 847 561 343 283 189 479 539 135 209
10
959 575 77 507 915 99 605 85 695 123
10
559 671 167 283 335 575 503 517 587 367
10
55 225 805 691 319 67 655 317 863 631
10
551 379 747 867 375 907 303 255 723 833
10
495 983 17 771 515 631 157 473 865 647
10
663 675 655 855 175 951 555 293 191 635
10
877 105 913 997 543 527 95 561 663 995
10
941 273 303 461 747 457 155 545 119 863
10
373 207 577 591 407 989 275 751 579 665
10
159 755 983 571 99 827 915 455 11 143
10
117 99 923 871 575 919 415 599 155 63
10
203 239 497 667 515 823 343 133 69 43
10
781 475 47 875 421 391 327 5 989 915
10
955 769 27 705 135 259 143 343 255 939
10
593 515 955 595 583 931 651 279 685 855
10
639 303 527 511 191 111 435 887 403 815
10
731 669 247 651 983 957 799 327 55 975
10
343 39 775 503 617 181 275 127 883 955
10
255 835 629 605 879 355 511 347 491 239
10
485 91 391 507 911 759 895 599 135 399
10
839 863 917 677 395 955 51 35 595 317
10
61 483 535 555 35 135 239 795 55 965
10
467 375 23 595 7 971 775 295 807 723
10
287 315 105 399 581 609 453 727 639 23
10
235 237 623 203 253 275 389 905 867 269
10
765 529 887 445 903 943 353 595 815 525
10
983 839 295 985 283 905 695 639 151 3
10
415 255 647 215 967 153 799 587 809 391
10
263 359 543 23 825 231 467 775 995 515
10
299 7 55 697 395 793 847 693 329 771
10
355 631 491 435 337 67 55 745 639 615
10
203 511 161 471 487 867 245 493 959 183
10
239 415 355 561 997 503 287 729 375 643
10
135 731 923 515 431 871 25 735 979 911
10
519 903 951 445 723 379 63 847 507 25
10
123 895 857 551 397 249 743 645 863 683
10
725 999 253 355 803 523 55 895 31 201
10
273 735 225 901 879 855 595 99 505 879
10
555 725 385 335 935 715 627 355 719 499
10
523 665 991 359 991 949 227 325 675 765
10
103 723 831 191 519 413 379 743 413 383
10
415 231 787 893 619 791 657 799 397 103
10
83 679 989 819 435 327 975 703 227 215
10
599 847 127 623 207 971 367 377 471 367
10
463 695 657 911 763 397 441 947 825 799
10
735 527 343 967 487 135 875 519 575 691
10
555 529 591 235 437 343 551 55 157 579
10
843 797 295 295 627 823 755 751 155 255
10
805 135 369 35 871 967 81 995 755 765
10
567 383 905 649 739 367 77 385 463 397
10
303 515 829 925 819 27 499 601 25 783
10
765 879 815 239 835 339 155 131 679 215
10
663 723 831 605 355 417 205 695 151 739
10
105 319 355 375 931 515 791 23 105 237
10
889 283 193 345 263 557 407 441 559 173
10
585 383 405 751 423 287 295 119 959 355
10
527 655 705 191 985 529 479 135 991 943
10
295 495 703 427 749 315 383 555 47 463
10
731 675 261 443 183 135 111 647 191 543
10
73 59 945 239 935 815 295 305 771 295
10
783 679 975 603 15 879 475 737 431 799
10
753 71 515 383 263 845 459 355 409 471
10
405 935 303 695 819 967 29 847 943 991
10
523 259 963 847 527 503 15 991 563 375
10
75 955 195 199 639 479 25 695 523 775
10
15 947 857 815 55 621 755 47 197 765
10
47 235 815 675 959 395 339 739 757 673
10
679 695 527 903 215 847 271 639 671 141
10
697 911 71 309 719 839 355 9 505 121
10
795 135 833 483 875 967 719 473 991 217
10
831 611 63 247 595 263 419 15 647 247
10
265 291 567 771 375 991 519 433 885 665
10
895 559 615 391 423 375 403 341 815 823
10
349 849 995 609 65 715 29 835 859 223
10
961 611 619 231 411 615 499 207 487 653
10
111 453 757 583 323 775 155 63 647 287
10
475 423 95 657 905 255 535 939 255 63
10
15 895 115 407 79 675 223 569 835 863
10
951 729 715 815 231 41 31 411 975 755
10
935 199 489 919 171 335 15 687 403 395
10
559 391 49 637 229 605 347 93 903 705
10
599 95 503 187 973 61 163 575 139 855
10
753 979 175 987 395 111 219 681 855 623
10
977 815 179 447 15 421 683 985 5 919
10
575 511 455 641 531 349 207 5 999 445
10
829 311 443 675 215 503 31 39 917 251
10
255 455 575 623 85 575 71 723 119 925
10
323 989 405 287 709 849 255 923 905 235
10
15 343 621 919 687 179 767 15 85 915
10
775 523 319 433 775 595 849 795 823 265
10
355 965 415 263 935 341 245 943 805 987
10
73 359 955 443 833 255 695 355 387 699
10
167 471 855 803 35 569 871 495 389 289
10
343 573 943 903 459 335 785 147 331 267
10
655 647 9 435 141 503 79 807 355 405
10
183 887 815 939 331 405 655 823 819 51
10
91 751 211 805 633 807 367 911 175 51
10
471 571 655 319 815 19 403 863 343 259
10
449 551 895 979 313 295 821 319 887 447
10
855 955 155 983 895 773 167 955 965 495
10
959 443 855 561 67 165 175 279 535 521
10
595 159 365 887 117 171 795 919 697 503
10
639 395 279 895 595 683 635 375 479 247
10
475 209 967 735 95 659 61 911 615 111
10
527 431 41 655 263 471 85 791 911 339
10
335 791 439 277 915 715 887 53 147 735
10
835 533 959 679 839 151 191 893 467 547
10
587 595 895 903 135 103 55 37 207 727
10
51 87 79 199 495 367 719 911 519 573
10
299 999 831 823 767 99 601 855 569 55
10
479 399 405 425 399 171 315 701 501 711
10
499 331 215 173 343 213 111 855 211 395
10
875 909 215 779 103 207 769 271 155 955
10
123 287 687 115 781 895 461 511 389 459
10
151 215 537 31 365 295 505 437 297 649
10
409 289 255 835 213 155 739 645 205 559
10
981 307 455 823 187 881 571 355 825 611
10
855 127 191 791 555 931 245 691 739 181
10
805 943 647 823 251 567 655 927 295 423
10
661 735 649 501 975 213 95 455 655 201
10
355 437 571 881 27 595 715 439 15 551
10
601 809 431 651 641 15 865 539 559 285
10
871 807 7 799 731 105 961 563 897 263
10
553 807 95 915 855 977 191 153 461 503
10
851 613 971 979 227 755 577 733 15 81
10
917 47 215 531 855 515 93 231 271 615
10
499 225 671 223 685 549 655 871 443 119
10
471 195 955 535 783 29 283 427 439 535
10
733 877 255 585 335 939 829 111 489 591
10
31 839 525 967 615 335 343 165 517 915
10
775 47 483 499 75 455 807 111 55 671
10
675 965 615 877 511 669 175 511 615 555
10
157 81 143 255 423 543 55 403 305 363
10
215 819 199 879 95 891 135 105 215 483
10
305 197 649 345 463 875 737 575 545 615
10
881 263 343 239 455 895 981 195 117 127
10
265 925 195 71 371 15 763 339 683 851
10
695 855 71 79 919 271 607 55 103 111
10
655 759 753 981 199 743 609 987 255 551
10
505 67 215 263 85 959 899 655 927 327
10
131 423 95 895 695 927 987 105 455 173
10
407 247 999 855 355 459 255 759 391 903
10
475 697 795 945 899 867 355 871 955 709
10
409 655 377 911 807 891 263 855 205 303
10
761 519 751 197 835 423 875 57 963 811
10
719 735 463 29 807 235 615 523 575 87
10
947 819 543 677 209 933 855 719 615 485
10
185 719 55 299 135 911 467 749 999 483
10
925 947 703 255 55 95 255 615 647 767
10
855 71 679 955 35 589 831 883 927 439
10
411 831 831 355 195 55 71 455 459 495
10
519 611 875 943 495 683 95 845 911 351
10
855 487 37 95 255 783 295 605 815 727
10
15 245 985 919 685 675 487 165 615 979
10
855 179 395 805 55 455 37 463 463 711
10
815 59 155 495 155 91 517 687 681 735
10
527 895 65 365 421 365 185 655 361 319
10
675 355 35 359 289 309 311 561 551 979
10
439 325 475 503 587 647 675 791 5 79
10
51 647 397 345 191 705 905 7 355 603
10
7 211 47 527 255 385 447 999 187 111
10
51 329 467 831 431 735 451 215 535 863
10
883 889 251 159 425 175 31 157 511 415
10
359 711 773 695 953 313 45 543 39 127
10
587 469 215 535 267 99 319 375 463 895
10
199 359 387 719 311 519 903 479 71 623
10
647 755 389 107 989 927 339 583 305 879
10
351 375 507 825 43 223 3 723 595 647
10
935 255 475 55 297 261 965 495 177 615
10
431 813 815 561 443 799 681 863 285 751
10
719 115 575 717 75 783 945 375 687 711
10
257 599 777 635 835 939 55 605 75 877
10
715 567 519 399 651 727 967 565 279 167
10
971 55 655 775 415 435 377 543 135 19
10
561 461 275 987 875 587 329 915 735 197
10
687 655 735 729 295 805 527 655 187 415
10
815 931 513 555 39 263 543 23 579 711
10
793 39 969 795 927 15 491 347 979 605
10
575 903 29 525 607 171 391 303 487 669
10
785 793 183 179 783 905 267 907 715 983
10
639 205 949 355 485 695 511 811 835 795
10
135 525 935 281 687 279 653 311 407 315
10
533 611 287 383 615 599 239 615 79 931
10
183 161 857 295 927 903 543 325 769 581
10
775 323 759 981 5 295 239 93 171 575
10
439 19 481 371 115 435 907 265 47 367
10
619 757 345 877 757 345 173 495 355 655
10
107 867 187 595 47 583 491 295 795 535
10
55 847 371 455 751 435 103 783 257 885
10
55 365 463 377 295 185 671 151 335 149
10
591 121 589 105 439 723 535 765 699 505
10
215 127 815 683 19 557 607 397 927 987
10
39 919 935 91 453 367 133 535 65 409
10
991 199 455 619 547 919 931 315 55 213
10
935 417 933 881 751 797 727 551 591 103
10
525 869 423 863 891 419 9 55 235 211
10
375 575 975 319 407 951 595 159 407 241
10
669 695 763 825 557 965 807 621 415 629
10
307 359 959 95 927 785 809 395 367 527
10
847 303 975 127 719 869 275 995 511 565
10
965 445 645 135 583 407 799 81 79 483
10
263 639 283 415 689 295 975 71 515 787
10
791 517 543 555 681 605 807 333 125 115
10
597 503 157 715 225 495 87 663 761 885
10
649 55 465 211 711 79 749 275 323 189
10
769 663 461 663 837 603 535 823 691 295
10
109 343 639 853 155 415 507 235 705 167
10
595 959 655 331 563 895 871 361 375 383
10
337 865 805 613 219 747 951 483 611 887
10
971 987 159 407 723 11 173 171 155 305
10
311 655 183 377 627 855 105 885 23 273
10
125 105 667 839 887 47 355 687 423 879
10
801 205 305 913 371 829 55 783 337 503
10
247 945 27 555 79 975 35 615 727 709
10
669 995 425 711 935 723 587 311 155 303
10
459 23 913 621 539 35 701 359 327 303
10
655 263 139 397 743 687 191 307 999 567
10
887 439 655 391 975 381 55 263 175 775
10
443 905 145 963 351 447 959 717 297 831
10
103 47 581 955 775 107 979 463 35 297
10
807 239 305 247 47 971 179 335 743 35
10
599 3 3 711 837 879 589 355 935 967
10
955 751 727 33 971 359 783 59 399 829
10
463 35 295 285 741 949 591 415 729 303
10
149 365 593 439 245 591 827 581 839 605
10
855 303 997 959 439 171 907 805 339 427
10
459 819 635 631 511 135 779 803 603 923
10
527 967 727 525 351 889 19 305 205 585
10
989 359 943 399 623 45 955 285 221 403
10
745 45 735 31 943 329 487 847 55 679
10
331 363 7 577 799 549 431 395 65 479
10
175 727 175 591 999 433 123 575 871 795
10
797 487 261 303 151 747 83 315 875 605
10
971 375 855 247 439 159 211 391 675 31
10
119 567 687 617 795 317 717 457 935 791
10
131 351 199 95 459 241 415 651 911 487
10
831 893 385 995 715 525 847 415 647 959
10
281 945 615 119 117 219 189 175 679 383
10
695 467 915 439 343 143 881 21 55 755
10
273 247 497 375 567 55 897 123 625 805
10
855 145 559 225 27 551 899 695 831 281
10
325 195 245 219 427 79 967 835 329 733
10
819 345 713 23 105 567 149 451 823 75
10
943 935 823 959 625 979 943 495 47 179
10
747 695 935 735 627 323 407 295 957 615
10
163 725 495 979 407 355 951 25 901 85
10
245 255 955 73 567 67 455 3 603 623
10
831 241 241 723 119 655 155 721 159 967
10
439 855 659 855 399 179 239 539 575 457
10
367 557 761 919 653 495 415 769 511 977
10
617 891 295 653 685 937 387 495 85 255
10
79 925 279 939 105 159 817 475 279 971
10
895 807 709 121 959 943 873 75 377 719
10
31 319 655 85 67 851 401 147 787 895
10
499 301 855 895 583 923 775 335 119 415
10
295 135 235 119 305 505 715 27 471 943
10
531 947 119 415 155 455 279 605 83 55
10
185 775 373 869 935 805 815 365 809 87
10
803 895 445 961 555 805 901 475 159 31
10
791 715 359 215 515 647 215 375 583 45
10
429 351 315 675 945 25 825 607 773 475
10
455 995 441 121 307 135 175 373 771 183
10
971 505 491 639 867 625 205 831 611 115
10
735 467 741 255 51 601 247 817 539 817
10
43 35 291 695 839 411 87 937 955 67
10
119 681 355 445 825 55 447 855 615 899
10
667 207 441 623 231 277 747 539 397 567
10
925 55 655 775 123 151 845 355 887 321
10
463 959 235 463 433 851 399 47 943 823
10
335 429 65 425 855 801 697 987 205 467
10
847 135 255 323 47 747 395 489 47 119
10
435 567 831 959 855 63 563 889 757 817
10
335 55 991 625 983 55 415 913 183 795
10
551 695 673 931 695 561 255 327 313 861
10
215 823 563 103 813 959 499 455 143 481
10
563 107 561 735 523 847 415 239 285 47
10
567 879 245 755 235 839 723 775 229 215
10
879 255 15 289 339 991 515 955 319 373
10
435 607 807 919 275 119 891 745 633 269
10
655 955 535 967 385 193 453 223 255 165
10
903 183 775 719 127 767 759 523 381 485
10
663 295 957 383 655 183 757 593 367 725
10
809 363 47 493 499 783 71 855 277 555
10
535 43 515 287 843 599 339 137 591 801
10
613 471 145 879 671 887 921 599 755 95
10
725 887 983 345 339 743 375 175 27 663
10
567 681 91 185 341 57 375 279 95 983
10
723 815 519 143 485 663 843 813 255 505
10
777 261 7 743 905 455 187 275 87 263
10
117 807 751 445 181 41 471 887 943 827
10
789 299 855 855 543 383 813 383 715 567
10
741 207 79 87 375 895 495 975 551 873
10
847 103 495 947 357 159 859 559 879 457
10
299 27 631 125 855 431 381 255 935 979
10
977 905 411 599 299 255 815 591 139 567
10
69 135 839 71 511 881 511 887 19 635
10
15 103 375 75 645 239 615 295 851 939
10
637 83 395 935 45 247 115 845 39 235
10
431 743 919 647 343 351 175 257 525 435
10
435 461 255 623 527 327 615 935 663 781
10
721 275 775 331 93 15 275 361 431 515
10
569 519 695 383 927 435 407 35 855 995
10
95 29 655 327 125 371 1 355 365 223
10
943 887 103 7 895 415 13 589 993 713
10
579 245 751 483 495 599 989 655 535 839
10
545 335 133 431 935 165 381 495 449 203
10
833 437 825 523 415 375 307 95 879 441
10
935 703 553 535 335 795 739 127 127 511
10
631 135 551 261 401 335 165 763 209 611
10
357 305 201 149 207 885 855 263 705 991
10
567 935 505 183 325 915 305 475 255 927
10
959 575 417 115 771 559 71 219 291 177
10
623 291 175 265 379 301 215 943 215 193
10
923 679 123 743 55 919 31 605 659 919
10
367 851 983 949 423 131 679 835 287 175
10
125 655 105 45 615 951 979 915 815 205
10
515 447 591 603 71 801 589 823 199 359
10
335 565 305 253 833 87 111 127 453 539
10
823 943 439 725 823 263 507 271 327 555
10
95 355 819 383 407 303 195 717 845 163
10
855 163 615 855 827 855 97 271 563 495
10
47 531 535 715 391 471 349 641 199 403
10
973 673 375 199 635 75 945 913 55 475
10
991 159 759 17 519 199 789 1 999 51
10
171 217 731 867 415 535 135 255 411 935
10
347 967 439 405 861 383 531 371 5 807
10
715 591 127 313 479 7 647 919 951 999
10
783 255 171 695 395 315 759 599 91 605
10
777 671 769 821 159 881 155 739 495 775
10
799 175 967 705 501 235 747 861 235 559
10
933 7 223 25 115 975 455 919 571 95
10
655 235 7 127 705 407 983 141 215 423
10
847 215 369 629 743 535 609 895 167 207
10
655 685 483 803 217 295 631 629 167 919
10
555 857 829 495 975 393 887 405 887 73
10
379 735 485 399 695 911 145 425 115 591
10
759 463 275 577 639 455 599 857 83 93
10
455 233 925 623 935 219 695 515 855 359
10
759 987 949 135 925 441 455 17 511 719
10
767 299 91 225 267 977 965 615 183 631
10
303 455 211 753 245 109 155 175 695 87
10
3 275 167 679 447 369 913 439 147 545
10
477 699 411 883 455 575 165 985 975 983
10
231 775 791 319 855 311 15 759 553 979
10
959 635 515 351 871 539 655 355 785 999
10
491 777 595 755 25 893 583 951 391 775
10
131 703 373 775 399 455 375 705 679 401
10
919 489 335 107 951 955 699 441 935 783
10
139 15 263 355 695 43 951 739 325 767
10
55 5 701 887 289 175 891 175 89 463
10
543 791 119 255 247 623 825 291 269 975
10
551 125 583 769 429 701 673 511 431 403
10
721 43 715 983 299 439 15 15 589 9
10
569 903 943 903 455 95 37 35 743 481
10
431 627 423 581 615 331 665 735 423 735
10
837 425 285 585 327 787 167 755 663 83
10
343 895 927 647 803 35 391 331 955 119
10
195 183 199 81 671 915 161 517 85 639
10
295 731 277 95 215 135 415 83 855 3
10
679 403 587 659 455 285 825 255 199 905
10
737 527 487 687 107 397 231 463 351 823
10
607 291 735 895 635 875 85 265 961 747
10
231 715 317 415 465 885 323 391 551 495
10
785 633 455 287 107 455 271 859 231 175
10
887 895 127 763 897 731 889 455 793 335
10
147 335 397 103 395 997 195 521 189 179
10
107 551 433 423 271 669 855 899 749 183
10
447 775 387 401 207 775 267 155 123 143
10
875 5 569 383 275 833 147 751 95 263
10
475 195 867 545 975 495 831 771 439 111
10
389 689 563 263 691 935 253 625 315 815
10
743 285 895 763 575 935 487 575 109 595
10
51 473 969 335 131 111 475 695 439 5
10
795 59 119 155 655 47 947 577 851 183
10
581 987 855 955 501 331 319 3 515 151
10
671 463 185 455 973 733 913 727 639 975
10
307 599 303 327 295 491 755 499 107 231
10
623 615 619 213 571 615 153 601 263 479
10
119 405 355 15 655 343 383 735 859 543
10
767 847 765 703 895 615 959 205 615 223
10
793 939 521 383 687 671 263 655 155 205
10
551 863 489 45 135 95 617 895 845 791
10
113 191 25 383 255 139 493 265 257 95
10
115 571 895 63 199 935 955 177 549 217
10
383 65 319 65 843 385 15 563 975 875
10
83 645 35 135 335 683 805 855 735 879
10
955 19 43 135 801 837 367 175 891 31
10
805 147 943 607 347 105 799 975 335 3
10
643 827 695 207 219 137 223 555 527 643
10
947 227 477 259 825 57 15 655 163 199
10
683 355 997 605 799 735 319 163 265 699
10
371 645 459 895 167 561 279 351 855 11
10
111 11 605 337 355 671 455 517 815 847
10
927 945 205 471 843 461 843 5 175 483
10
71 907 799 45 555 55 119 15 313 855
10
475 53 765 999 255 745 339 855 855 871
10
999 321 559 545 263 455 183 597 111 455
10
65 239 55 255 999 743 47 943 173 647
10
405 55 899 651 599 773 273 767 487 185
10
115 175 167 535 183 423 335 29 387 891
10
135 721 41 399 89 719 845 891 481 937
10
831 35 95 703 409 457 211 835 559 847
10
385 873 169 129 215 879 447 679 625 959
10
703 943 447 55 535 655 545 299 591 755
10
695 887 781 613 495 861 297 855 549 181
10
603 655 863 835 21 783 243 851 759 987
10
911 551 895 563 361 95 583 987 635 415
10
415 155 191 727 215 739 843 725 385 635
10
997 899 423 281 549 371 715 831 811 127
10
815 853 815 255 359 545 535 383 143 591
10
963 999 303 423 883 815 203 935 311 173
10
23 855 215 675 119 575 355 895 171 315
10
671 141 983 575 873 525 505 667 75 283
10
385 135 815 25 991 943 55 459 459 935
10
575 285 121 137 157 775 103 471 15 535
10
191 65 835 455 505 23 587 855 379 671
10
121 935 367 715 917 695 169 831 943 15
10
299 831 611 383 493 607 377 219 919 63
10
95 137 181 7 59 615 155 899 293 855
10
81 725 335 815 849 123 419 599 75 87
10
415 671 489 551 803 335 387 435 359 35
10
375 491 391 547 417 209 807 487 375 643
10
479 129 755 495 257 379 415 935 519 655
10
543 105 119 783 199 39 475 51 285 109
10
147 525 235 767 863 605 411 875 495 355
10
889 559 161 495 623 303 111 91 835 101
10
855 855 743 125 557 455 799 975 215 635
10
345 399 169 639 855 559 871 931 751 241
10
715 195 103 605 425 911 683 437 239 699
10
565 635 315 363 359 399 915 335 489 199
10
565 253 787 55 511 159 51 215 887 275
10
995 517 855 647 245 935 615 823 355 935
10
191 327 943 655 635 141 435 725 5 885
10
715 653 867 895 431 303 523 783 721 975
10
817 73 103 287 455 279 147 925 71 775
10
795 707 919 587 485 671 263 709 429 527
10
817 295 375 175 135 323 819 575 105 423
10
719 975 767 935 611 835 729 839 451 981
10
629 847 171 415 895 225 639 547 943 535
10
285 55 619 31 5 399 515 835 441 295
10
959 255 147 381 835 479 495 629 915 223
10
335 503 319 611 183 975 533 599 403 91
10
631 15 981 191 921 555 955 855 487 85
10
191 815 683 355 829 755 555 845 905 519
10
811 805 283 501 987 455 579 767 959 943
10
373 101 243 287 815 805 543 835 119 911
10
831 533 355 197 43 343 905 783 133 183
10
71 367 615 63 439 753 119 99 489 745
10
987 535 841 807 609 287 733 127 535 951
10
781 639 139 767 715 283 487 939 475 77
10
815 155 27 399 791 211 137 55 341 195
10
133 305 257 531 15 849 679 739 87 27
10
553 135 663 669 105 615 581 383 423 355
10
983 3 539 467 611 467 737 255 981 841
10
675 353 161 561 577 985 527 791 819 75
10
263 651 395 867 951 537 623 75 327 605
10
539 235 683 103 987 107 959 655 695 375
10
927 23 839 129 895 105 263 47 75 615
10
571 879 1 931 561 567 159 335 525 517
10
987 687 55 255 685 935 207 855 35 815
10
855 115 359 519 285 755 927 695 563 351
10
157 175 639 355 343 87 141 575 455 995
10
83 675 515 235 887 199 239 583 325 47
10
685 175 295 225 625 563 357 791 355 655
10
267 113 567 167 35 895 995 311 893 675
10
871 455 143 695 855 259 855 621 435 951
10
55 201 45 805 615 945 131 355 927 151
10
135 405 443 855 215 447 775 81 55 239
10
767 519 263 15 891 23 987 955 557 255
10
865 495 447 159 639 451 215 583 547 945
10
71 855 401 871 39 531 879 895 377 283
10
371 543 227 871 367 675 931 63 451 935
10
323 591 61 999 459 735 35 821 15 955
10
495 723 847 371 27 33 239 399 535 703
10
939 391 223 163 723 585 783 871 21 251
10
215 433 519 799 995 757 615 519 275 997
10
253 931 49 485 839 921 359 23 285 75
10
935 259 905 633 799 491 271 623 235 553
10
23 705 815 737 883 111 435 775 571 775
10
685 349 491 639 441 859 315 289 191 509
10
489 703 311 541 447 355 105 511 79 231
10
505 241 463 245 713 351 965 693 763 495
10
255 915 293 831 299 319 363 575 215 879
10
935 155 687 211 69 247 501 495 735 167
10
273 117 115 171 447 299 961 295 289 115
10
255 739 811 191 489 461 117 551 439 163
10
417 809 467 143 791 135 167 823 349 127
10
943 839 263 455 471 73 975 245 93 23
10
755 79 455 679 471 663 335 181 833 747
10
459 979 71 235 231 143 917 545 813 373
10
491 983 855 733 533 295 51 241 253 887
10
503 935 255 11 603 295 607 959 509 391
10
431 959 813 545 135 655 311 807 655 155
10
439 483 599 883 851 511 189 429 735 89
10
975 981 575 821 569 583 5 605 255 229
10
777 615 583 431 255 981 999 915 859 871
10
647 175 455 943 507 299 655 967 519 979
10
459 609 363 223 355 255 255 605 21 487
10
503 711 335 63 983 99 73 449 783 783
10
823 935 643 915 791 501 87 315 199 155
10
65 435 711 415 911 177 443 985 655 815
10
787 991 675 71 335 807 511 735 855 529
10
755 493 31 185 555 613 943 535 111 103
10
625 215 767 583 863 279 275 855 639 667
10
725 55 55 825 715 755 515 63 475 799
10
287 905 647 775 175 255 891 303 951 287
10
207 951 385 55 495 419 431 157 995 681
10
229 807 655 307 881 383 855 47 327 387
10
895 463 311 855 887 543 43 255 303 535
10
287 665 139 305 327 759 177 447 143 259
10
729 293 175 829 417 111 595 35 135 91
10
897 495 945 619 655 591 195 777 735 205
10
207 485 175 519 911 615 871 231 919 403
10
543 545 867 435 955 989 895 515 567 955
10
543 59 343 533 543 873 645 891 389 415
10
975 335 519 805 327 281 555 215 607 21
10
513 719 563 343 839 335 639 315 131 387
10
123 591 25 305 923 255 421 675 327 735
10
723 687 35 983 445 855 505 75 451 589
10
97 717 855 655 215 555 643 135 479 855
10
759 733 355 639 535 87 163 811 135 579
10
63 855 777 805 891 129 475 729 215 387
10
235 561 463 83 199 759 635 361 939 35
10
827 693 379 55 191 319 975 103 695 745
10
39 783 855 619 315 511 835 255 653 683
10
239 231 819 605 919 899 875 655 55 535
10
415 415 43 983 575 175 795 679 93 831
10
873 855 775 671 845 105 881 271 923 867
10
987 661 53 729 595 511 31 803 51 423
10
879 399 149 935 887 905 905 23 943 911
10
935 463 31 559 703 515 559 15 951 155
10
287 843 245 815 43 643 615 113 583 533
10
699 363 77 857 847 145 951 235 583 279
10
603 391 755 905 803 7 157 191 871 601
10
255 215 855 165 283 771 863 975 775 715
10
871 547 433 777 891 603 807 709 829 759
10
223 871 707 143 869 605 931 295 879 583
10
683 79 271 979 323 573 925 35 123 879
10
931 817 21 135 47 239 503 775 687 765
10
735 445 35 205 945 691 31 405 359 407
10
895 171 467 959 377 45 575 665 995 433
10
801 467 823 839 695 183 515 39 855 955
10
543 335 521 975 191 547 271 887 183 587
10
79 295 847 191 855 479 509 637 673 255
10
915 279 365 75 801 175 513 675 187 743
10
599 611 407 327 479 899 499 381 41 799
10
29 437 663 683 505 439 155 935 135 495
10
745 999 343 231 629 895 431 175 647 55
10
303 215 103 583 17 81 595 765 335 687
10
375 255 435 759 955 907 663 939 787 763
10
435 705 399 295 587 57 439 875 627 943
10
841 823 665 715 65 779 55 75 725 135
10
567 589 389 807 575 215 15 849 543 305
10
583 345 983 935 225 793 891 95 431 505
10
435 503 55 231 415 669 739 215 175 955
10
733 423 355 43 311 317 543 227 565 623
10
155 615 831 279 535 471 935 695 231 449
10
485 457 643 357 247 93 507 11 751 169
10
563 21 431 975 619 347 247 379 995 821
10
215 367 933 655 455 687 427 917 887 205
10
391 255 105 323 283 7 195 55 927 671
10
487 227 439 759 47 567 995 471 599 965
10
563 927 871 519 139 295 687 825 395 289
10
751 615 905 647 23 195 637 707 483 659
10
287 355 825 845 189 271 9 319 437 115
10
567 163 255 855 545 119 471 563 541 671
10
895 423 655 999 9 511 455 697 615 335
10
455 103 15 471 35 469 851 851 111 271
10
639 5 655 527 403 935 733 127 519 455
10
575 511 847 795 231 267 755 813 735 825
10
607 235 981 251 519 55 455 59 405 569
10
271 315 47 7 903 253 619 695 447 383
10
647 833 95 455 19 655 285 347 789 261
10
403 95 745 399 935 947 785 943 505 627
10
563 397 955 155 535 619 11 231 789 745
10
535 925 639 685 543 69 869 655 5 747
10
433 163 731 55 511 821 687 383 485 23
10
791 235 915 847 431 705 249 199 837 537
10
857 87 575 619 105 479 665 503 31 843
10
815 71 807 321 655 305 445 293 281 55
10
775 991 169 751 243 103 271 465 629 887
10
439 167 143 935 181 567 507 559 639 783
10
519 113 549 479 927 455 957 773 919 31
10
299 775 175 37 47 955 615 449 183 47
10
19 617 555 349 359 271 879 125 91 415
10
617 477 711 905 31 387 235 863 285 327
10
855 691 147 495 255 965 417 639 983 635
10
967 625 67 65 475 135 41 117 423 681
10
871 813 877 391 243 19 459 159 223 375
10
671 887 569 375 765 625 127 215 555 357
10
533 543 675 967 371 983 517 111 305 103
10
515 395 867 879 803 929 815 755 715 719
10
641 835 559 51 527 211 109 763 275 419
10
483 855 359 775 305 679 519 581 645 815
10
621 175 497 495 939 359 527 455 275 219
10
337 831 641 205 615 959 31 959 619 335
10
471 363 447 303 687 11 291 155 171 735
10
507 695 791 487 255 503 761 529 349 579
10
865 763 231 975 695 461 131 199 983 735
10
555 715 147 727 199 425 359 935 351 719
10
531 245 229 911 967 759 391 125 755 481
10
435 527 659 127 145 331 745 903 55 11
10
851 915 339 7 825 227 27 495 55 947
10
955 475 647 65 893 487 831 83 655 745
10
711 475 615 375 337 523 515 515 559 289
10
71 791 623 481 295 27 657 151 325 775
10
751 191 11 579 71 559 351 225 39 855
10
825 357 631 879 809 303 511 215 327 655
10
827 639 987 411 343 343 399 381 907 345
10
615 703 141 767 5 79 281 591 871 861
10
667 797 887 47 85 255 135 639 589 875
10
877 679 375 735 305 635 761 71 265 867
10
255 395 677 827 937 871 471 991 635 279
10
9 443 839 795 335 755 135 69 59 619
10
47 705 215 243 515 771 363 503 455 819
10
965 465 165 731 295 559 847 561 927 901
10
399 863 447 787 915 353 609 591 773 919
10
563 505 399 75 533 119 283 131 841 783
10
823 247 263 15 583 685 345 515 499 355
10
835 375 447 655 183 855 759 325 555 455
10
855 895 695 219 847 51 969 611 415 641
10
775 197 525 167 703 551 319 713 491 433
10
503 855 815 655 375 111 271 405 271 361
10
15 957 175 235 865 103 935 95 439 219
10
703 105 501 647 175 399 185 135 243 531
10
975 531 381 375 323 923 865 435 137 351
10
611 359 663 863 205 233 783 741 951 767
10
683 367 663 795 711 833 659 425 763 223
10
919 255 163 991 783 771 245 705 853 175
10
175 609 515 559 235 319 215 925 715 425
10
169 807 419 589 45 367 613 195 279 435
10
395 419 355 975 295 431 455 7 351 571
10
65 501 47 995 857 31 163 399 575 141
10
579 721 135 805 551 795 855 175 475 853
10
535 623 575 527 623 519 505 665 415 737
10
479 415 583 777 255 967 759 545 131 351
10
883 375 575 423 409 327 779 155 615 875
10
569 359 779 473 855 47 459 159 245 555
10
307 475 915 989 305 135 755 255 985 327
10
811 263 667 583 235 961 287 787 221 299
10
935 455 355 51 817 391 245 863 161 481
10
247 625 895 987 25 383 335 849 495 551
10
393 215 345 149 925 103 187 31 227 343
10
399 313 951 917 887 327 807 951 365 739
10
739 335 381 531 765 215 631 841 975 487
10
735 401 335 549 867 471 665 55 129 455
10
977 797 975 797 987 113 527 47 159 519
10
323 889 875 693 71 755 945 227 135 223
10
735 983 619 595 433 935 655 879 495 27
10
675 377 115 559 837 671 149 303 851 955
10
855 351 465 649 295 605 417 933 757 257
10
647 679 241 253 223 759 813 909 885 903
10
979 815 247 631 751 27 991 349 99 551
10
565 571 863 859 907 431 737 897 675 9
10
927 705 423 321 927 855 223 327 343 259
10
425 459 211 785 771 515 963 335 695 717
10
99 799 575 787 403 533 843 919 7 911
10
285 455 495 895 389 191 345 255 215 255
10
743 67 435 745 905 903 755 615 105 935
10
415 939 871 55 427 295 655 863 843 289
10
725 989 215 27 555 579 975 95 799 735
10
451 855 205 75 155 385 33 941 351 355
10
155 921 107 405 695 939 279 347 305 983
10
151 39 55 493 379 615 169 195 967 891
10
755 549 615 443 551 527 951 477 941 91
10
31 459 727 809 315 501 815 175 413 375
10
447 647 185 565 551 577 599 11 931 883
10
147 357 223 985 367 877 667 795 103 833
10
217 293 175 855 31 975 303 55 783 661
10
159 157 93 19 135 347 219 703 215 355
10
891 715 847 831 991 519 335 143 289 999
10
505 619 975 479 655 83 55 139 895 255
10
263 555 755 335 565 55 995 523 773 705
10
9 855 567 579 551 131 111 605 595 855
10
901 925 47 411 11 659 855 287 671 545
10
575 183 877 63 7 855 655 415 843 921
10
367 503 51 47 167 223 105 187 427 355
10
83 575 999 935 591 767 895 695 151 595
10
879 615 1 353 493 175 471 615 863 9
10
215 237 959 805 759 923 171 711 855 775
10
159 855 95 413 975 937 719 719 871 655
10
951 803 287 495 891 607 483 13 279 685
10
171 5 597 689 185 995 815 825 345 819
10
693 883 871 455 181 103 669 161 71 513
10
837 819 959 131 255 535 555 487 831 385
10
647 779 943 689 55 743 243 927 623 655
10
135 255 915 615 575 339 979 295 435 841
10
879 55 75 701 947 611 331 579 775 475
10
391 759 135 735 111 975 885 819 765 19
10
35 695 731 499 127 131 375 149 309 191
10
907 283 59 335 659 855 947 331 869 855
10
823 155 995 95 863 585 187 731 315 15
10
487 515 787 273 601 691 477 359 623 815
10
995 665 175 203 749 327 635 155 255 737
10
491 397 607 255 681 373 251 203 595 679
10
957 45 959 871 847 575 235 711 781 159
10
453 635 505 71 921 545 755 271 535 271
10
711 819 195 899 7 475 191 965 745 899
10
599 335 531 667 695 609 879 79 207 987
10
565 355 127 129 905 241 715 675 441 495
10
707 261 279 831 15 551 941 647 835 417
10
335 379 303 415 787 629 263 491 507 639
10
195 647 705 659 841 167 837 111 167 985
10
155 1 687 367 401 315 183 447 15 981
10
955 129 965 327 591 919 569 15 943 527
10
715 655 791 581 131 851 145 495 255 855
10
715 469 691 17 439 35 645 835 103 805
10
403 895 615 227 671 581 753 375 615 825
10
699 951 787 15 215 295 851 347 693 383
10
179 497 921 855 267 211 315 759 383 535
10
599 41 535 127 159 943 95 303 879 391
10
279 51 579 303 47 381 255 303 301 155
10
661 329 687 947 115 135 863 119 123 87
10
875 337 105 35 609 429 259 951 825 143
10
303 915 459 95 5 439 655 395 575 15
10
855 767 299 179 695 881 391 983 255 537
10
259 687 507 71 999 79 371 183 687 943
10
65 349 87 495 207 519 175 385 15 839
10
343 347 451 855 427 383 445 127 775 215
10
53 397 105 301 135 547 103 815 775 751
10
491 711 129 419 245 147 55 815 467 945
10
321 885 695 111 143 455 383 45 661 995
10
805 645 401 503 835 523 651 759 915 695
10
535 131 355 519 979 991 931 543 361 263
10
325 799 419 903 435 75 879 15 655 575
10
137 607 855 687 653 251 787 85 543 751
10
819 869 55 815 175 641 803 327 991 125
10
225 305 415 703 855 561 239 903 75 769
10
533 725 207 337 511 705 455 55 317 47
10
987 935 835 389 95 609 879 5 371 759
10
57 167 965 939 275 347 427 535 815 967
10
685 275 151 847 163 495 755 55 651 103
10
625 905 759 625 623 359 987 105 237 695
10
255 31 415 295 963 903 585 487 95 955
10
211 695 775 455 275 411 15 991 231 751
10
519 347 149 287 431 895 141 95 445 403
10
455 915 493 375 999 177 343 105 801 923
10
491 71 751 405 931 79 883 47 423 187
10
275 917 831 295 415 867 747 353 415 815
10
355 787 489 867 901 75 859 683 311 687
10
751 447 871 305 573 889 119 725 873 55
10
271 709 735 919 159 23 815 545 71 731
10
919 47 955 879 647 689 705 187 631 215
10
75 815 339 999 487 185 755 199 797 915
10
559 783 105 351 607 295 127 283 739 645
10
759 839 391 619 175 999 995 567 823 141
10
583 295 855 785 919 387 967 373 127 767
10
431 863 215 869 93 19 607 905 993 511
10
207 991 31 363 125 311 685 139 405 215
10
531 773 769 63 387 155 23 29 255 851
10
767 995 447 127 607 189 103 521 45 99
10
155 495 241 155 631 15 245 141 687 489
10
207 599 745 535 575 105 949 235 937 141
10
505 565 175 455 487 435 241 187 331 495
10
39 327 431 871 887 409 791 265 429 559
10
993 855 719 27 839 59 627 395 169 601
10
295 63 615 207 591 455 31 407 175 785
10
219 719 87 999 455 145 735 111 471 255
10
829 191 967 131 175 111 741 895 307 225
10
691 181 195 129 89 733 965 463 311 687
10
967 439 15 995 591 391 995 931 495 879
10
635 615 639 319 185 373 781 985 799 487
10
83 267 895 591 119 455 37 311 639 35
10
499 111 831 525 515 615 675 547 323 433
10
367 791 567 799 105 703 31 335 301 575
10
63 207 861 63 319 655 655 119 215 69
10
475 655 991 821 421 355 439 583 807 15
10
179 131 415 55 63 993 253 799 235 127
10
175 911 267 359 555 231 251 343 559 321
10
327 245 731 9 489 955 105 593 895 731
10
515 885 765 325 23 305 259 441 455 219
10
239 855 327 985 743 855 21 681 977 279
10
861 959 879 243 211 919 131 61 95 919
10
555 683 697 751 947 505 187 83 237 895
10
855 399 905 103 117 905 59 491 215 979
10
499 303 207 815 317 531 531 495 525 965
10
629 55 155 463 3 235 47 95 33 453
10
57 105 821 957 95 763 847 145 55 227
10
201 535 687 855 899 85 651 705 391 199
10
277 687 787 135 669 903 783 695 959 327
10
503 505 863 703 105 223 95 495 93 793
10
961 959 375 59 407 529 43 573 85 979
10
615 225 891 675 515 151 687 607 277 231
10
135 511 743 395 849 499 735 159 895 19
10
15 779 955 805 855 863 703 815 223 55
10
15 687 479 647 313 491 297 783 905 627
10
61 119 605 31 321 373 271 909 387 47
10
211 217 631 919 31 415 683 167 55 317
10
615 55 719 211 181 209 131 563 435 891
10
17 455 379 111 605 245 773 95 973 313
10
353 455 115 869 923 21 655 851 231 855
10
855 703 897 535 631 601 487 575 287 963
10
699 915 7 185 839 339 343 421 415 939
10
801 927 911 887 937 351 713 859 469 51
10
943 663 391 775 415 175 967 415 419 489
10
203 591 303 659 63 285 367 999 39 205
10
185 855 753 591 921 453 15 207 559 691
10
441 785 345 713 229 367 691 943 963 893
10
289 647 499 715 335 915 655 899 765 169
10
785 451 965 199 855 995 821 705 727 331
10
573 647 295 395 75 687 945 803 655 719
10
745 831 959 757 15 375 591 47 981 357
10
871 487 543 355 551 415 621 197 695 775
10
807 11 991 735 103 235 475 15 215 135
10
791 891 843 637 383 955 167 883 675 253
10
239 381 785 295 387 285 675 35 155 95
10
679 495 515 197 291 845 959 329 711 431
10
169 901 175 939 525 699 345 415 719 475
10
839 5 19 735 207 247 975 271 199 931
10
495 431 939 583 885 151 115 375 967 303
10
271 775 437 351 575 295 719 871 719 265
10
291 167 583 583 85 155 355 767 387 557
10
451 295 123 319 943 813 497 63 87 495
10
455 679 55 903 721 631 631 85 785 131
10
127 255 61 183 919 125 275 975 167 375
10
563 977 711 635 265 991 855 913 53 703
10
673 411 995 95 755 271 813 311 983 395
10
647 95 855 39 935 433 137 539 443 675
10
131 385 151 599 843 231 279 609 799 39
10
595 591 705 111 47 245 39 487 485 207
10
443 399 517 191 111 287 815 141 415 167
10
87 51 983 835 185 401 757 347 127 707
10
143 705 605 887 55 975 515 9 347 417
10
823 47 99 819 755 203 123 79 859 721
10
595 161 15 231 605 375 77 39 855 355
10
527 551 127 793 963 425 437 807 843 103
10
35 15 103 903 187 355 427 215 215 795
10
189 91 905 335 967 613 151 755 527 471
10
31 551 285 61 937 913 803 361 419 615
10
699 141 775 911 915 855 175 15 357 7
10
543 109 361 531 263 739 255 635 191 263
10
929 835 735 693 895 977 565 899 655 803
10
623 245 943 95 591 543 175 415 599 55
10
991 585 675 339 967 525 855 11 223 517
10
797 577 607 243 21 451 193 5 143 981
10
553 277 623 419 205 75 255 705 927 5
10
315 727 555 823 231 291 325 895 261 851
10
555 125 7 555 67 775 867 147 975 125
10
839 715 695 595 843 855 465 735 417 985
10
459 125 355 681 323 287 139 703 559 159
10
153 769 903 685 707 915 441 379 119 983
10
531 545 503 161 415 447 633 559 695 823
10
135 715 75 225 31 625 699 181 347 315
10
679 245 3 939 175 895 183 671 813 999
10
49 175 639 707 87 285 651 495 647 615
10
991 639 227 995 323 139 615 375 535 763
10
875 415 143 139 599 463 501 127 629 419
10
855 79 7 795 287 125 655 985 879 431
10
359 935 719 259 695 743 595 515 975 535
10
335 121 575 9 341 883 863 895 311 751
10
705 825 375 639 913 615 387 321 111 935
10
483 979 431 383 695 537 575 743 185 651
10
875 751 555 15 411 395 705 289 423 821
10
497 433 225 169 375 591 921 703 827 445
10
803 411 555 491 47 695 849 55 887 599
10
387 761 675 195 615 475 513 5 541 415
10
61 647 93 335 895 227 799 843 335 767
10
573 215 775 271 251 805 171 637 871 581
10
757 685 255 65 231 921 503 995 331 7
10
999 879 575 113 899 775 359 435 155 355
10
807 191 453 799 715 815 859 513 487 119
10
647 625 455 867 655 615 847 563 627 751
10
503 87 927 631 415 341 555 939 75 351
10
439 415 935 25 185 603 5 455 985 855
10
355 815 695 417 353 369 129 839 585 41
10
559 391 195 725 175 713 727 159 63 575
10
347 879 455 745 617 837 951 815 835 711
10
455 689 3 331 759 135 945 455 315 127
10
223 355 155 855 551 113 615 571 527 831
10
439 129 385 233 739 207 75 147 333 835
10
135 237 939 575 231 189 725 371 885 127
10
643 783 653 309 957 403 75 377 987 695
10
413 669 937 253 537 535 403 491 151 945
10
831 835 603 935 235 107 725 675 127 943
10
767 967 121 799 715 239 15 385 335 111
10
567 215 655 651 35 521 147 265 789 855
10
735 215 111 811 927 415 921 719 219 983
10
541 847 255 797 391 471 413 95 527 407
10
495 775 471 605 205 223 37 699 579 855
10
99 465 991 207 65 355 829 581 779 303
10
439 815 615 513 327 111 435 143 11 307
10
135 169 919 355 139 343 171 95 439 55
10
759 765 719 55 775 123 941 671 791 95
10
927 445 27 617 395 223 295 183 355 351
10
947 839 763 679 767 395 139 483 387 155
10
835 755 667 695 167 611 225 157 125 55
10
493 203 523 271 895 359 379 863 697 95
10
495 87 629 227 507 593 475 959 115 489
10
255 933 205 815 927 863 471 367 263 775
10
407 517 323 487 621 895 991 237 607 839
10
375 527 955 845 495 355 355 213 199 367
10
967 431 435 839 653 255 75 867 855 775
10
111 999 705 267 495 695 45 719 645 313
10
639 727 921 893 551 747 655 131 743 355
10
711 659 363 135 575 559 673 163 463 335
10
285 619 655 385 671 865 475 407 43 579
10
751 551 55 921 555 755 875 17 935 495
10
171 999 155 365 185 913 211 455 935 203
10
967 31 975 381 825 503 469 807 597 255
10
435 121 175 909 599 199 103 207 761 635
10
505 285 711 467 335 55 871 351 531 183
10
265 769 35 519 583 563 119 135 967 567
10
295 207 449 413 47 335 447 995 259 923
10
95 935 613 963 599 467 703 631 169 499
10
807 861 515 155 443 397 521 851 235 223
10
67 675 815 935 391 311 663 515 335 597
10
249 453 167 473 867 319 215 979 685 485
10
7 599 73 909 479 505 335 307 383 85
10
935 995 999 887 119 797 431 87 23 755
10
455 79 431 255 385 969 583 973 975 799
10
555 115 17 703 347 63 787 607 689 103
10
827 799 207 485 605 719 375 583 247 757
10
55 871 775 687 823 655 807 35 687 855
10
815 455 7 551 423 135 919 625 347 415
10
625 185 975 783 175 115 307 175 799 207
10
731 603 471 91 615 367 391 727 967 377
10
87 135 725 333 847 945 959 351 365 763
10
259 111 621 907 71 391 959 335 415 279
10
499 373 687 895 375 675 963 835 225 843
10
207 339 515 317 607 667 7 221 127 925
10
363 911 455 875 505 875 587 815 103 51
10
301 363 975 741 787 787 399 213 887 691
10
295 783 705 455 351 11 997 935 591 765
10
11 847 287 999 831 339 293 721 301 615
10
773 515 23 223 355 515 335 475 967 87
10
367 447 555 879 203 471 917 195 607 543
10
905 375 591 653 287 965 319 765 559 973
10
159 933 379 435 107 781 955 175 955 163
10
515 559 351 323 467 527 485 37 109 247
10
727 807 759 475 449 303 423 659 945 51
10
249 805 263 351 559 551 561 155 239 267
10
599 423 525 255 337 275 915 891 495 959
10
909 375 455 621 751 715 605 295 799 655
10
873 909 741 505 23 95 263 823 919 749
10
753 855 255 797 623 755 145 419 807 705
10
599 415 799 619 5 185 427 941 357 159
10
505 55 955 827 355 995 985 543 987 367
10
775 771 617 847 427 983 235 53 967 617
10
911 155 917 255 575 35 961 665 719 307
10
455 723 635 579 187 195 887 151 527 511
10
63 883 85 717 835 807 863 835 439 495
10
139 175 967 575 239 855 455 805 379 683
10
575 799 881 13 539 263 269 111 575 911
10
757 593 129 157 55 227 655 307 893 335
10
937 807 783 291 959 407 115 721 759 275
10
991 255 177 47 239 511 735 385 141 257
10
195 631 835 455 561 575 245 115 27 139
10
505 895 391 215 885 251 583 761 657 115
10
539 879 709 1 185 355 143 455 821 703
10
459 579 783 203 181 255 85 645 839 275
10
91 157 647 111 155 735 279 639 535 759
10
59 205 415 415 25 859 981 919 11 59
10
859 999 841 981 855 699 461 15 665 535
10
235 655 31 143 411 297 231 683 255 141
10
99 361 247 355 271 987 703 255 673 637
10
705 119 29 583 805 127 367 959 335 775
10
215 65 87 999 545 935 407 191 111 919
10
75 935 311 47 135 431 911 215 547 767
10
311 711 85 655 215 751 695 25 1 635
10
887 315 127 763 335 631 545 15 477 951
10
55 733 463 911 235 855 63 383 767 539
10
807 43 145 615 657 209 225 639 635 175
10
999 455 839 47 605 831 655 423 71 375
10
561 545 435 515 35 631 711 15 339 215
10
911 503 515 451 87 895 245 223 135 275
10
483 95 455 891 599 615 919 687 415 423